NPSI
  81
mmx
   6
R0EXP
    1.3000000000E+00
B0EXP
    3.2000000000E+00
Raxis
    1.3378675706E+00
PSI
    7.0167969035E-06    6.3151172132E-05    1.7541992259E-04    3.4382304827E-04    5.6836054919E-04
    8.4903242533E-04    1.1858386767E-03    1.5787793033E-03    2.0278543051E-03    2.5330636822E-03
    3.0944074345E-03    3.7118855620E-03    4.3854980647E-03    5.1152449427E-03    5.9011261959E-03
    6.7431418243E-03    7.6412918280E-03    8.5955762068E-03    9.6059949609E-03    1.0672548090E-02
    1.1795235595E-02    1.2974057475E-02    1.4209013730E-02    1.5500104360E-02    1.6847329365E-02
    1.8250688746E-02    1.9710182502E-02    2.1225810633E-02    2.2797573140E-02    2.4425470021E-02
    2.6109501278E-02    2.7849666910E-02    2.9645966917E-02    3.1498401300E-02    3.3406970058E-02
    3.5371673191E-02    3.7392510699E-02    3.9469482582E-02    4.1602588841E-02    4.3791829475E-02
    4.6037204484E-02    4.8338713868E-02    5.0696357628E-02    5.3110135763E-02    5.5580048273E-02
    5.8106095158E-02    6.0688276419E-02    6.3326592054E-02    6.6021042065E-02    6.8771626452E-02
    7.1578345213E-02    7.4441198350E-02    7.7360185862E-02    8.0335307749E-02    8.3366564011E-02
    8.6453954649E-02    8.9597479661E-02    9.2797139049E-02    9.6052932813E-02    9.9364860951E-02
    1.0273292346E-01    1.0615712035E-01    1.0963745162E-01    1.1317391726E-01    1.1676651727E-01
    1.2041525166E-01    1.2412012043E-01    1.2788112357E-01    1.3169826108E-01    1.3557153297E-01
    1.3950093924E-01    1.4348647988E-01    1.4752815490E-01    1.5162596429E-01    1.5577990806E-01
    1.5998998620E-01    1.6425619871E-01    1.6857854561E-01    1.7295702688E-01    1.7739164252E-01
    1.7963000073E-01
Rgeom
    1.3378671261E+00    1.3378634486E+00    1.3378560723E+00    1.3378450026E+00    1.3378302406E+00
    1.3378117729E+00    1.3377896037E+00    1.3377637127E+00    1.3377341006E+00    1.3377007494E+00
    1.3376636508E+00    1.3376227887E+00    1.3375781495E+00    1.3375297147E+00    1.3374774683E+00
    1.3374213885E+00    1.3373614554E+00    1.3372976464E+00    1.3372299357E+00    1.3371583007E+00
    1.3370827093E+00    1.3370031365E+00    1.3369195493E+00    1.3368319155E+00    1.3367402045E+00
    1.3366443739E+00    1.3365443741E+00    1.3364401297E+00    1.3363315234E+00    1.3362184182E+00
    1.3361006585E+00    1.3359780275E+00    1.3358503367E+00    1.3357173265E+00    1.3355787418E+00
    1.3354342926E+00    1.3352836562E+00    1.3351264954E+00    1.3349624293E+00    1.3347910528E+00
    1.3346119212E+00    1.3344245539E+00    1.3342284266E+00    1.3340229666E+00    1.3338075505E+00
    1.3335815194E+00    1.3333440947E+00    1.3330944273E+00    1.3328314905E+00    1.3325541659E+00
    1.3322612504E+00    1.3319515760E+00    1.3316238959E+00    1.3312769294E+00    1.3309092393E+00
    1.3305191507E+00    1.3301047357E+00    1.3296637855E+00    1.3291938601E+00    1.3286922226E+00
    1.3281557989E+00    1.3275811316E+00    1.3269643224E+00    1.3263009636E+00    1.3255860560E+00
    1.3248139143E+00    1.3239780539E+00    1.3230710574E+00    1.3220844159E+00    1.3210083399E+00
    1.3198315333E+00    1.3185409254E+00    1.3171213523E+00    1.3155551801E+00    1.3138218553E+00
    1.3118973791E+00    1.3097537122E+00    1.3073580779E+00    1.3046722246E+00    1.3016516350E+00
    1.3000000080E+00
amin
    2.2354633081E-03    6.7065797022E-03    1.1178005391E-02    1.5649992050E-02    2.0122743593E-02
    2.4596491991E-02    2.9071453665E-02    3.3547855023E-02    3.8025914196E-02    4.2505860522E-02
    4.6987911000E-02    5.1472297451E-02    5.5959240502E-02    6.0448970473E-02    6.4941715288E-02
    6.9437704125E-02    7.3937170234E-02    7.8440344603E-02    8.2947461073E-02    8.7458752922E-02
    9.1974460566E-02    9.6494825833E-02    1.0102008967E-01    1.0555048318E-01    1.1008623908E-01
    1.1462766036E-01    1.1917518473E-01    1.2372965486E-01    1.2829225950E-01    1.3286458646E-01
    1.3744842483E-01    1.4204576852E-01    1.4665874489E-01    1.5128963115E-01    1.5594080275E-01
    1.6061474735E-01    1.6531403503E-01    1.7004132958E-01    1.7479938872E-01    1.7959104882E-01
    1.8441925555E-01    1.8928704408E-01    1.9419756060E-01    1.9915407651E-01    2.0415997932E-01
    2.0921877487E-01    2.1433423665E-01    2.1951061411E-01    2.2475283189E-01    2.3006605111E-01
    2.3545532919E-01    2.4092534383E-01    2.4648047021E-01    2.5212501968E-01    2.5786367088E-01
    2.6370181924E-01    2.6964566309E-01    2.7570200025E-01    2.8187808139E-01    2.8818167227E-01
    2.9462113393E-01    3.0120547019E-01    3.0794440529E-01    3.1484846646E-01    3.2192907842E-01
    3.2919867021E-01    3.3667079690E-01    3.4436027932E-01    3.5228336427E-01    3.6045790902E-01
    3.6890359347E-01    3.7764216497E-01    3.8669771868E-01    3.9609701881E-01    4.0586987121E-01
    4.1604954433E-01    4.2667322859E-01    4.3778255840E-01    4.4942413174E-01    4.6165003456E-01
    4.6799999095E-01
damindpsi
    9.8234158379E+01    6.2084736017E+01    2.8408323292E+01    2.3722456260E+01    1.7397955210E+01
    1.4573814597E+01    1.2238970625E+01    1.0640441340E+01    9.3844090428E+00    8.4029005838E+00
    7.6058198284E+00    6.9484882588E+00    6.3963977872E+00    5.9264577061E+00    5.5215908931E+00
    5.1692326325E+00    4.8598312750E+00    4.5860250918E+00    4.3420430713E+00    4.1232999833E+00
    3.9261075873E+00    3.7474588826E+00    3.5848779849E+00    3.4363029278E+00    3.3000463107E+00
    3.1747115737E+00    3.0592521558E+00    2.9528508363E+00    2.8547900723E+00    2.7644110017E+00
    2.6810633254E+00    2.6041769423E+00    2.5332296874E+00    2.4677577746E+00    2.4073366862E+00
    2.3515903171E+00    2.3001742356E+00    2.2527895819E+00    2.2091596831E+00    2.1690420960E+00
    2.1322216491E+00    2.0985003376E+00    2.0677107255E+00    2.0397018533E+00    2.0143267033E+00
    1.9914803548E+00    1.9711349457E+00    1.9533741967E+00    1.9382275209E+00    1.9255502363E+00
    1.9150992210E+00    1.9066093776E+00    1.8998972080E+00    1.8949082580E+00    1.8917357472E+00
    1.8905429030E+00    1.8914533994E+00    1.8945101056E+00    1.8997435791E+00    1.9072125208E+00
    1.9169882578E+00    1.9291544571E+00    1.9438133708E+00    1.9610850878E+00    1.9811101293E+00
    2.0040513320E+00    2.0300966571E+00    2.0594623492E+00    2.0923967102E+00    2.1291844001E+00
    2.1701514826E+00    2.2156710924E+00    2.2661693129E+00    2.3221328298E+00    2.3841176694E+00
    2.4527536772E+00    2.5287521810E+00    2.6129120799E+00    2.7060983011E+00    2.8092920430E+00
    2.8648500381E+00
Bmax
    3.1146277326E+00    3.1250701823E+00    3.1355646948E+00    3.1461123417E+00    3.1567141249E+00
    3.1673711618E+00    3.1780845298E+00    3.1888554054E+00    3.1996849289E+00    3.2105743421E+00
    3.2215248540E+00    3.2325377779E+00    3.2436143964E+00    3.2547560993E+00    3.2659642497E+00
    3.2772403184E+00    3.2885857572E+00    3.3000021164E+00    3.3114909439E+00    3.3230538618E+00
    3.3346925370E+00    3.3464087050E+00    3.3582041301E+00    3.3700805786E+00    3.3820399792E+00
    3.3940842111E+00    3.4062163591E+00    3.4184395408E+00    3.4307600818E+00    3.4431838524E+00
    3.4557188926E+00    3.4683738108E+00    3.4811577973E+00    3.4940815071E+00    3.5071554768E+00
    3.5203920280E+00    3.5338032937E+00    3.5474029805E+00    3.5612051603E+00    3.5752249080E+00
    3.5894783996E+00    3.6039825637E+00    3.6187556242E+00    3.6338166728E+00    3.6491868906E+00
    3.6648875990E+00    3.6809422811E+00    3.6973791625E+00    3.7142274849E+00    3.7315217999E+00
    3.7492952525E+00    3.7675822194E+00    3.7864178550E+00    3.8058370172E+00    3.8258797578E+00
    3.8465900673E+00    3.8680192808E+00    3.8902231957E+00    3.9132638072E+00    3.9372090780E+00
    3.9621342016E+00    3.9881223833E+00    4.0152659979E+00    4.0436682477E+00    4.0734447118E+00
    4.1047252952E+00    4.1376566074E+00    4.1724048297E+00    4.2091591789E+00    4.2481361234E+00
    4.2895845391E+00    4.3337920731E+00    4.3810931265E+00    4.4318784024E+00    4.4866071929E+00
    4.5458230571E+00    4.6101730173E+00    4.6804323002E+00    4.7575357138E+00    4.8426175331E+00
    4.8885714718E+00
Bmin
    3.1042365398E+00    3.0938952696E+00    3.0836032629E+00    3.0733595167E+00    3.0631631651E+00
    3.0530133406E+00    3.0429091851E+00    3.0328498946E+00    3.0228346640E+00    3.0128627102E+00
    3.0029332912E+00    2.9930456588E+00    2.9831990955E+00    2.9733929138E+00    2.9636264167E+00
    2.9538989503E+00    2.9442098684E+00    2.9345585281E+00    2.9249443373E+00    2.9153666897E+00
    2.9058249922E+00    2.8963186886E+00    2.8868472179E+00    2.8774100484E+00    2.8680067247E+00
    2.8586365327E+00    2.8492988227E+00    2.8399919558E+00    2.8307139942E+00    2.8214625471E+00
    2.8122344813E+00    2.8030271602E+00    2.7938373767E+00    2.7846617977E+00    2.7754975516E+00
    2.7663411982E+00    2.7571895744E+00    2.7480396590E+00    2.7388880934E+00    2.7297318824E+00
    2.7205679096E+00    2.7113929825E+00    2.7022041222E+00    2.6929981471E+00    2.6837721519E+00
    2.6745226460E+00    2.6652470027E+00    2.6559407392E+00    2.6466003422E+00    2.6372205241E+00
    2.6277979785E+00    2.6183291602E+00    2.6088110753E+00    2.5992417877E+00    2.5896182249E+00
    2.5799375024E+00    2.5701954987E+00    2.5603879920E+00    2.5505106041E+00    2.5405588419E+00
    2.5305277922E+00    2.5204125262E+00    2.5102078907E+00    2.4999085218E+00    2.4895088298E+00
    2.4790030039E+00    2.4683850199E+00    2.4576486533E+00    2.4467875014E+00    2.4357950253E+00
    2.4246645763E+00    2.4133894498E+00    2.4019629628E+00    2.3903785610E+00    2.3786299231E+00
    2.3667111141E+00    2.3546167694E+00    2.3423423192E+00    2.3298842589E+00    2.3172405659E+00
    2.3108488896E+00
q
    1.1254693164E+00    1.1255604247E+00    1.1256942652E+00    1.1259022570E+00    1.1261788725E+00
    1.1265231963E+00    1.1269389400E+00    1.1274229854E+00    1.1279777171E+00    1.1286025344E+00
    1.1292981518E+00    1.1300643723E+00    1.1309029817E+00    1.1318127031E+00    1.1327961023E+00
    1.1338521997E+00    1.1349825516E+00    1.1361873605E+00    1.1374667209E+00    1.1388222542E+00
    1.1402552752E+00    1.1417669698E+00    1.1433555897E+00    1.1450197094E+00    1.1467644079E+00
    1.1486194154E+00    1.1506485739E+00    1.1529703414E+00    1.1556892831E+00    1.1588948869E+00
    1.1626533385E+00    1.1670150389E+00    1.1720373043E+00    1.1777622052E+00    1.1842333703E+00
    1.1914901001E+00    1.1995717249E+00    1.2085173310E+00    1.2183673316E+00    1.2291633901E+00
    1.2409493697E+00    1.2537726523E+00    1.2676831999E+00    1.2827381826E+00    1.2989919218E+00
    1.3165099773E+00    1.3354190288E+00    1.3559309905E+00    1.3782204583E+00    1.4023482467E+00
    1.4282821022E+00    1.4559706512E+00    1.4853938026E+00    1.5166399172E+00    1.5499189451E+00
    1.5855208622E+00    1.6237228381E+00    1.6647475761E+00    1.7088230161E+00    1.7562173445E+00
    1.8072281870E+00    1.8621883986E+00    1.9214743883E+00    1.9855104701E+00    2.0547765839E+00
    2.1298171600E+00    2.2112515276E+00    2.2997861093E+00    2.3962290365E+00    2.5015074661E+00
    2.6166881585E+00    2.7430017023E+00    2.8818710471E+00    3.0349478805E+00    3.2041525167E+00
    3.3917163507E+00    3.6002429060E+00    3.8327590893E+00    4.0927842377E+00    4.3843822726E+00
    4.5434522756E+00
dqdpsi
    3.2121893743E+00    1.0907719568E+00    1.2988631089E+00    1.1960936794E+00    1.2430357962E+00
    1.2265190085E+00    1.2307675180E+00    1.2334994979E+00    1.2362201835E+00    1.2371444769E+00
    1.2412664755E+00    1.2420369818E+00    1.2461022469E+00    1.2495183823E+00    1.2517263891E+00
    1.2572871239E+00    1.2598783874E+00    1.2646941577E+00    1.2682140295E+00    1.2733277464E+00
    1.2795077634E+00    1.2848296015E+00    1.2875406445E+00    1.2906734996E+00    1.3035927395E+00
    1.3448282597E+00    1.4523738559E+00    1.6171526665E+00    1.8471724663E+00    2.0948285009E+00
    2.3666337570E+00    2.6494111998E+00    2.9407208301E+00    3.2400323288E+00    3.5406803157E+00
    3.8451179497E+00    4.1518939633E+00    4.4613847414E+00    4.7729841093E+00    5.0890311975E+00
    5.4087971247E+00    5.7339470911E+00    6.0666920980E+00    6.4072740244E+00    6.7540331422E+00
    7.1204880134E+00    7.5355631283E+00    8.0192616596E+00    8.5227933615E+00    9.0133860304E+00
    9.4612977877E+00    9.8752446079E+00    1.0285194912E+01    1.0727607316E+01    1.1241235075E+01
    1.1831359673E+01    1.2479498996E+01    1.3169932066E+01    1.3912632868E+01    1.4715316054E+01
    1.5584173628E+01    1.6527756021E+01    1.7554284470E+01    1.8674849349E+01    1.9901733839E+01
    2.1248930147E+01    2.2732575752E+01    2.4371387190E+01    2.6187339227E+01    2.8205835489E+01
    3.0456362715E+01    3.2972294795E+01    3.5794941420E+01    3.8972886763E+01    4.2560311204E+01
    4.6618177313E+01    5.1226674011E+01    5.6462845070E+01    6.2426449845E+01    6.9216056848E+01
    7.2958364816E+01
p
    0.0000000000E+00    0.0000000000E+00    0.0000000000E+00    0.0000000000E+00    0.0000000000E+00
    0.0000000000E+00    0.0000000000E+00    0.0000000000E+00    0.0000000000E+00    0.0000000000E+00
    0.0000000000E+00    0.0000000000E+00    0.0000000000E+00    0.0000000000E+00    0.0000000000E+00
    0.0000000000E+00    0.0000000000E+00    0.0000000000E+00    0.0000000000E+00    0.0000000000E+00
    0.0000000000E+00    0.0000000000E+00    0.0000000000E+00    0.0000000000E+00    0.0000000000E+00
    0.0000000000E+00    0.0000000000E+00    0.0000000000E+00    0.0000000000E+00    0.0000000000E+00
    0.0000000000E+00    0.0000000000E+00    0.0000000000E+00    0.0000000000E+00    0.0000000000E+00
    0.0000000000E+00    0.0000000000E+00    0.0000000000E+00    0.0000000000E+00    0.0000000000E+00
    0.0000000000E+00    0.0000000000E+00    0.0000000000E+00    0.0000000000E+00    0.0000000000E+00
    0.0000000000E+00    0.0000000000E+00    0.0000000000E+00    0.0000000000E+00    0.0000000000E+00
    0.0000000000E+00    0.0000000000E+00    0.0000000000E+00    0.0000000000E+00    0.0000000000E+00
    0.0000000000E+00    0.0000000000E+00    0.0000000000E+00    0.0000000000E+00    0.0000000000E+00
    0.0000000000E+00    0.0000000000E+00    0.0000000000E+00    0.0000000000E+00    0.0000000000E+00
    0.0000000000E+00    0.0000000000E+00    0.0000000000E+00    0.0000000000E+00    0.0000000000E+00
    0.0000000000E+00    0.0000000000E+00    0.0000000000E+00    0.0000000000E+00    0.0000000000E+00
    0.0000000000E+00    0.0000000000E+00    0.0000000000E+00    0.0000000000E+00    0.0000000000E+00
    0.0000000000E+00
dpdpsi
    0.0000000000E+00    0.0000000000E+00    0.0000000000E+00    0.0000000000E+00    0.0000000000E+00
    0.0000000000E+00    0.0000000000E+00    0.0000000000E+00    0.0000000000E+00    0.0000000000E+00
    0.0000000000E+00    0.0000000000E+00    0.0000000000E+00    0.0000000000E+00    0.0000000000E+00
    0.0000000000E+00    0.0000000000E+00    0.0000000000E+00    0.0000000000E+00    0.0000000000E+00
    0.0000000000E+00    0.0000000000E+00    0.0000000000E+00    0.0000000000E+00    0.0000000000E+00
    0.0000000000E+00    0.0000000000E+00    0.0000000000E+00    0.0000000000E+00    0.0000000000E+00
    0.0000000000E+00    0.0000000000E+00    0.0000000000E+00    0.0000000000E+00    0.0000000000E+00
    0.0000000000E+00    0.0000000000E+00    0.0000000000E+00    0.0000000000E+00    0.0000000000E+00
    0.0000000000E+00    0.0000000000E+00    0.0000000000E+00    0.0000000000E+00    0.0000000000E+00
    0.0000000000E+00    0.0000000000E+00    0.0000000000E+00    0.0000000000E+00    0.0000000000E+00
    0.0000000000E+00    0.0000000000E+00    0.0000000000E+00    0.0000000000E+00    0.0000000000E+00
    0.0000000000E+00    0.0000000000E+00    0.0000000000E+00    0.0000000000E+00    0.0000000000E+00
    0.0000000000E+00    0.0000000000E+00    0.0000000000E+00    0.0000000000E+00    0.0000000000E+00
    0.0000000000E+00    0.0000000000E+00    0.0000000000E+00    0.0000000000E+00    0.0000000000E+00
    0.0000000000E+00    0.0000000000E+00    0.0000000000E+00    0.0000000000E+00    0.0000000000E+00
    0.0000000000E+00    0.0000000000E+00    0.0000000000E+00    0.0000000000E+00    0.0000000000E+00
    0.0000000000E+00
f
    4.1599906848E+00    4.1599161192E+00    4.1597670102E+00    4.1595434026E+00    4.1592453634E+00
    4.1588729817E+00    4.1584263692E+00    4.1579056600E+00    4.1573110103E+00    4.1566425988E+00
    4.1559006266E+00    4.1550853175E+00    4.1541969176E+00    4.1532356963E+00    4.1522019455E+00
    4.1510959804E+00    4.1499181377E+00    4.1486687753E+00    4.1473482730E+00    4.1459570369E+00
    4.1444955060E+00    4.1429641405E+00    4.1413633780E+00    4.1396936520E+00    4.1379555826E+00
    4.1361502492E+00    4.1342797756E+00    4.1323478138E+00    4.1303588199E+00    4.1283171902E+00
    4.1262273777E+00    4.1240940839E+00    4.1219222064E+00    4.1197167901E+00    4.1174829839E+00
    4.1152260438E+00    4.1129513224E+00    4.1106642363E+00    4.1083702487E+00    4.1060748529E+00
    4.1037835503E+00    4.1015018288E+00    4.0992351604E+00    4.0969889086E+00    4.0947685384E+00
    4.0925789862E+00    4.0904278594E+00    4.0883266173E+00    4.0862839948E+00    4.0843028509E+00
    4.0823813462E+00    4.0805156878E+00    4.0787035449E+00    4.0769465154E+00    4.0752509062E+00
    4.0736253352E+00    4.0720763761E+00    4.0706069571E+00    4.0692188546E+00    4.0679140148E+00
    4.0666938059E+00    4.0655591896E+00    4.0645107040E+00    4.0635484204E+00    4.0626719371E+00
    4.0618803587E+00    4.0611722794E+00    4.0605457662E+00    4.0599983444E+00    4.0595269842E+00
    4.0591280867E+00    4.0587974756E+00    4.0585303873E+00    4.0583214658E+00    4.0581647621E+00
    4.0580537364E+00    4.0579812676E+00    4.0579396610E+00    4.0579206852E+00    4.0579156237E+00
    4.0579154532E+00
dfdpsi
   -1.3284080681E+00   -1.3282754670E+00   -1.3280102929E+00   -1.3276125745E+00   -1.3270823194E+00
   -1.3264195140E+00   -1.3256241224E+00   -1.3246960862E+00   -1.3236353363E+00   -1.3224418058E+00
   -1.3211153170E+00   -1.3196555152E+00   -1.3180620579E+00   -1.3163343440E+00   -1.3144718263E+00
   -1.3124748692E+00   -1.3103448614E+00   -1.3080832107E+00   -1.3056888161E+00   -1.3031545368E+00
   -1.3004725732E+00   -1.2976611466E+00   -1.2947680868E+00   -1.2917560766E+00   -1.2884079793E+00
   -1.2843032254E+00   -1.2785648152E+00   -1.2704726740E+00   -1.2601556775E+00   -1.2479051070E+00
   -1.2337807223E+00   -1.2178354041E+00   -1.2001403559E+00   -1.1807900712E+00   -1.1598764831E+00
   -1.1374762410E+00   -1.1136734795E+00   -1.0885548582E+00   -1.0622047026E+00   -1.0347077298E+00
   -1.0061505331E+00   -9.7661692751E-01   -9.4619315197E-01   -9.1497820497E-01   -8.8300505483E-01
   -8.5044902332E-01   -8.1528288160E-01   -7.7741557861E-01   -7.3898446753E-01   -7.0204303276E-01
   -6.6776071785E-01   -6.3605491200E-01   -6.0577475203E-01   -5.7529700906E-01   -5.4325374831E-01
   -5.0972600541E-01   -4.7592489481E-01   -4.4276499086E-01   -4.1010877261E-01   -3.7805921103E-01
   -3.4673020921E-01   -3.1619867983E-01   -2.8655749688E-01   -2.5789521271E-01   -2.3029998452E-01
   -2.0385956138E-01   -1.7866078392E-01   -1.5478979918E-01   -1.3233075883E-01   -1.1136719731E-01
   -9.1980296598E-02   -7.4249020462E-02   -5.8250075966E-02   -4.4056506452E-02   -3.1737297678E-02
   -2.1356659181E-02   -1.2972582373E-02   -6.6379882135E-03   -2.3887637351E-03   -2.5349327853E-04
    1.1164620635E-05
bav
    3.1094245009E+00    3.1094141480E+00    3.1093934169E+00    3.1093624709E+00    3.1093210854E+00
    3.1092695785E+00    3.1092078089E+00    3.1091359014E+00    3.1090540136E+00    3.1089620291E+00
    3.1088603025E+00    3.1087487105E+00    3.1086275171E+00    3.1084967879E+00    3.1083566852E+00
    3.1082073389E+00    3.1080489767E+00    3.1078816595E+00    3.1077056986E+00    3.1075212271E+00
    3.1073284496E+00    3.1071276391E+00    3.1069189896E+00    3.1067027649E+00    3.1064792559E+00
    3.1062486210E+00    3.1060122486E+00    3.1057705605E+00    3.1055253110E+00    3.1052783243E+00
    3.1050308491E+00    3.1047852541E+00    3.1045436333E+00    3.1043075777E+00    3.1040807554E+00
    3.1038646534E+00    3.1036629448E+00    3.1034786175E+00    3.1033146683E+00    3.1031753462E+00
    3.1030641164E+00    3.1029853188E+00    3.1029436807E+00    3.1029439497E+00    3.1029914831E+00
    3.1030919764E+00    3.1032529477E+00    3.1034831366E+00    3.1037933537E+00    3.1041906506E+00
    3.1046831589E+00    3.1052766882E+00    3.1059774936E+00    3.1067963643E+00    3.1077450793E+00
    3.1088413112E+00    3.1101015600E+00    3.1115441201E+00    3.1131879713E+00    3.1150549377E+00
    3.1171689080E+00    3.1195572393E+00    3.1222508746E+00    3.1252847828E+00    3.1286985812E+00
    3.1325373986E+00    3.1368528447E+00    3.1417041331E+00    3.1471594309E+00    3.1532974332E+00
    3.1602092140E+00    3.1680003669E+00    3.1767935085E+00    3.1867318460E+00    3.1979825668E+00
    3.2107399005E+00    3.2252310459E+00    3.2417192690E+00    3.2605093136E+00    3.2819507860E+00
    3.2937876584E+00
b2av
    9.6685342237E+00    9.6685778256E+00    9.6686648978E+00    9.6687965136E+00    9.6689713551E+00
    9.6691915134E+00    9.6694562437E+00    9.6697664936E+00    9.6701234297E+00    9.6705265568E+00
    9.6709783287E+00    9.6714782553E+00    9.6720282996E+00    9.6726291934E+00    9.6732823343E+00
    9.6739889180E+00    9.6747508041E+00    9.6755688351E+00    9.6764454448E+00    9.6773819958E+00
    9.6783803328E+00    9.6794427539E+00    9.6805711117E+00    9.6817677230E+00    9.6830350822E+00
    9.6843750491E+00    9.6857969743E+00    9.6873050376E+00    9.6889115017E+00    9.6906298736E+00
    9.6924704606E+00    9.6944506008E+00    9.6965867152E+00    9.6988922037E+00    9.7013939100E+00
    9.7041055360E+00    9.7070548348E+00    9.7102657075E+00    9.7137627430E+00    9.7175787488E+00
    9.7217422765E+00    9.7262880253E+00    9.7312536860E+00    9.7366779274E+00    9.7426039039E+00
    9.7490781085E+00    9.7561589390E+00    9.7639147501E+00    9.7724282968E+00    9.7817606982E+00
    9.7919805673E+00    9.8031436332E+00    9.8153085815E+00    9.8285645124E+00    9.8430091249E+00
    9.8587803469E+00    9.8760128109E+00    9.8948562072E+00    9.9154688715E+00    9.9380319102E+00
    9.9627452168E+00    9.9898371791E+00    1.0019566720E+01    1.0052227447E+01    1.0088153294E+01
    1.0127726148E+01    1.0171384616E+01    1.0219634415E+01    1.0273061025E+01    1.0332344841E+01
    1.0398279474E+01    1.0471793623E+01    1.0553977559E+01    1.0646119902E+01    1.0749747042E+01
    1.0866665045E+01    1.0999028900E+01    1.1149400933E+01    1.1320837730E+01    1.1516977395E+01
    1.1625630297E+01
bi2av
    1.0342887151E-01    1.0343302572E-01    1.0344133674E-01    1.0345379559E-01    1.0347041990E-01
    1.0349119229E-01    1.0351612662E-01    1.0354522034E-01    1.0357846921E-01    1.0361588857E-01
    1.0365746308E-01    1.0370321014E-01    1.0375312274E-01    1.0380720724E-01    1.0386546551E-01
    1.0392790165E-01    1.0399451483E-01    1.0406531612E-01    1.0414030073E-01    1.0421947703E-01
    1.0430284957E-01    1.0439041924E-01    1.0448219347E-01    1.0457817588E-01    1.0467836829E-01
    1.0478278750E-01    1.0489136192E-01    1.0500411152E-01    1.0512095934E-01    1.0524184816E-01
    1.0536677152E-01    1.0549564691E-01    1.0562843497E-01    1.0576513203E-01    1.0590560771E-01
    1.0604989165E-01    1.0619787627E-01    1.0634951063E-01    1.0650476029E-01    1.0666351467E-01
    1.0682573223E-01    1.0699132917E-01    1.0716020755E-01    1.0733228896E-01    1.0750746691E-01
    1.0768564411E-01    1.0786660322E-01    1.0805010804E-01    1.0823580789E-01    1.0842365649E-01
    1.0861353480E-01    1.0880552210E-01    1.0899965273E-01    1.0919569004E-01    1.0939338093E-01
    1.0959213186E-01    1.0979151901E-01    1.0999106358E-01    1.1019032202E-01    1.1038874343E-01
    1.1058574088E-01    1.1078060500E-01    1.1097251859E-01    1.1116054618E-01    1.1134361679E-01
    1.1152049656E-01    1.1168976018E-01    1.1184975991E-01    1.1199858944E-01    1.1213404583E-01
    1.1225358925E-01    1.1235430235E-01    1.1243285012E-01    1.1248541025E-01    1.1250764940E-01
    1.1249475747E-01    1.1244139537E-01    1.1234186272E-01    1.1219023232E-01    1.1198065281E-01
    1.1185248082E-01
r2av
    1.7898946735E+00    1.7899344795E+00    1.7900141380E+00    1.7901334932E+00    1.7902928513E+00
    1.7904919148E+00    1.7907309225E+00    1.7910098354E+00    1.7913285809E+00    1.7916874278E+00
    1.7920861149E+00    1.7925249480E+00    1.7930038064E+00    1.7935228125E+00    1.7940819951E+00
    1.7946814399E+00    1.7953211345E+00    1.7960012778E+00    1.7967218004E+00    1.7974828486E+00
    1.7982845138E+00    1.7991268247E+00    1.8000099223E+00    1.8009338668E+00    1.8018987365E+00
    1.8029047929E+00    1.8039509221E+00    1.8050374622E+00    1.8061635236E+00    1.8073283301E+00
    1.8085321066E+00    1.8097741064E+00    1.8110540662E+00    1.8123726314E+00    1.8137282837E+00
    1.8151222663E+00    1.8165536135E+00    1.8180223575E+00    1.8195288403E+00    1.8210722326E+00
    1.8226528846E+00    1.8242704866E+00    1.8259245950E+00    1.8276149628E+00    1.8293413622E+00
    1.8311031654E+00    1.8328980396E+00    1.8347236928E+00    1.8365758001E+00    1.8384551390E+00
    1.8403616681E+00    1.8422980228E+00    1.8442663933E+00    1.8462641456E+00    1.8482883183E+00
    1.8503305470E+00    1.8523851900E+00    1.8544459190E+00    1.8565069492E+00    1.8585607675E+00
    1.8605991673E+00    1.8626119857E+00    1.8645872210E+00    1.8665108931E+00    1.8683667475E+00
    1.8701357949E+00    1.8717958312E+00    1.8733209207E+00    1.8746807906E+00    1.8758401943E+00
    1.8767582353E+00    1.8773876920E+00    1.8776743490E+00    1.8775558335E+00    1.8769612305E+00
    1.8758116700E+00    1.8740194366E+00    1.8714907890E+00    1.8681281781E+00    1.8638353855E+00
    1.8613130343E+00
ri2av
    5.5869521194E-01    5.5870774650E-01    5.5873280792E-01    5.5877045888E-01    5.5882062380E-01
    5.5888342383E-01    5.5895881778E-01    5.5904686058E-01    5.5914762186E-01    5.5926107416E-01
    5.5938736146E-01    5.5952645678E-01    5.5967847750E-01    5.5984346605E-01    5.6002150894E-01
    5.6021267569E-01    5.6041707901E-01    5.6063477092E-01    5.6086589511E-01    5.6111053681E-01
    5.6136880648E-01    5.6164084163E-01    5.6192675443E-01    5.6222668974E-01    5.6254078809E-01
    5.6286917502E-01    5.6321237489E-01    5.6357063913E-01    5.6394456146E-01    5.6433488213E-01
    5.6474210884E-01    5.6516706607E-01    5.6561060489E-01    5.6607329935E-01    5.6655653473E-01
    5.6706089387E-01    5.6758776734E-01    5.6813830438E-01    5.6871368521E-01    5.6931555255E-01
    5.6994528797E-01    5.7060462922E-01    5.7129546455E-01    5.7201978462E-01    5.7277969499E-01
    5.7357768596E-01    5.7441685909E-01    5.7530076902E-01    5.7623390924E-01    5.7721947821E-01
    5.7826105549E-01    5.7936165054E-01    5.8052434891E-01    5.8175417290E-01    5.8305662220E-01
    5.8443955318E-01    5.8591064107E-01    5.8747844725E-01    5.8915207212E-01    5.9094197821E-01
    5.9285979543E-01    5.9491886412E-01    5.9713439403E-01    5.9952370516E-01    6.0210657252E-01
    6.0490569196E-01    6.0794721496E-01    6.1126138134E-01    6.1488329006E-01    6.1885382253E-01
    6.2322075745E-01    6.2804010158E-01    6.3337770130E-01    6.3931148813E-01    6.4593387491E-01
    6.5335429697E-01    6.6170344827E-01    6.7113682247E-01    6.8184002281E-01    6.9403405784E-01
    7.0077033086E-01
gclass
    4.0106068937E-06    3.6093590048E-05    1.0025366643E-04    1.9647627127E-04    3.2474082736E-04
    4.8502159577E-04    6.7728131853E-04    9.0148211094E-04    1.1575734904E-03    1.4455011779E-03
    1.7652028459E-03    2.1166105116E-03    2.4996429968E-03    2.9142235581E-03    3.3602510763E-03
    3.8376344359E-03    4.3462620487E-03    4.8860213673E-03    5.4567975244E-03    6.0584526932E-03
    6.6908423421E-03    7.3538151417E-03    8.0472493563E-03    8.7710225886E-03    9.5249097702E-03
    1.0308224782E-02    1.1119520834E-02    1.1955914993E-02    1.2814255720E-02    1.3691214785E-02
    1.4583546452E-02    1.5488107072E-02    1.6401322707E-02    1.7319784489E-02    1.8239969947E-02
    1.9158295417E-02    2.0071196086E-02    2.0975071501E-02    2.1866293064E-02    2.2741300384E-02
    2.3596516226E-02    2.4428404203E-02    2.5233518434E-02    2.6008348252E-02    2.6749754933E-02
    2.7454477973E-02    2.8117173423E-02    2.8729397058E-02    2.9284923040E-02    2.9782684558E-02
    3.0226151539E-02    3.0619895785E-02    3.0967506292E-02    3.1268760077E-02    3.1519153253E-02
    3.1712312687E-02    3.1843519969E-02    3.1911484215E-02    3.1915864367E-02    3.1856183134E-02
    3.1732349358E-02    3.1544676270E-02    3.1293774470E-02    3.0980626273E-02    3.0606585412E-02
    3.0173391323E-02    2.9683182169E-02    2.9138509144E-02    2.8542347387E-02    2.7898105668E-02
    2.7209634447E-02    2.6481234739E-02    2.5717667841E-02    2.4924150396E-02    2.4106365691E-02
    2.3270488529E-02    2.2423145092E-02    2.1571457854E-02    2.0723003535E-02    1.9885898109E-02
    1.9474268663E-02
bgradp
    6.6413081563E-01    6.6408226407E-01    6.6401371731E-01    6.6390670666E-01    6.6376449693E-01
    6.6358776342E-01    6.6337437632E-01    6.6312630179E-01    6.6284229163E-01    6.6252281360E-01
    6.6216768048E-01    6.6177715526E-01    6.6135044398E-01    6.6088851546E-01    6.6039014021E-01
    6.5985616379E-01    6.5928599932E-01    6.5867983024E-01    6.5803797273E-01    6.5735984609E-01
    6.5664508544E-01    6.5589343870E-01    6.5510633639E-01    6.5428504770E-01    6.5342715477E-01
    6.5251636149E-01    6.5151764756E-01    6.5036584082E-01    6.4900498952E-01    6.4738908765E-01
    6.4548650224E-01    6.4327606271E-01    6.4073453353E-01    6.3784869803E-01    6.3460685654E-01
    6.3100119269E-01    6.2702639774E-01    6.2267930922E-01    6.1795833554E-01    6.1286381093E-01
    6.0739722271E-01    6.0156101962E-01    5.9535907988E-01    5.8879469080E-01    5.8187532083E-01
    5.7460647339E-01    5.6697143463E-01    5.5892503437E-01    5.5044745338E-01    5.4157006760E-01
    5.3236100408E-01    5.2289185007E-01    5.1321893175E-01    5.0336063726E-01    4.9329954024E-01
    4.8300337778E-01    4.7245541430E-01    4.6166479096E-01    4.5064652752E-01    4.3941272934E-01
    4.2797672072E-01    4.1635276479E-01    4.0455536251E-01    3.9259975111E-01    3.8050186437E-01
    3.6827836964E-01    3.5594671958E-01    3.4352522947E-01    3.3103314239E-01    3.1849071049E-01
    3.0591928924E-01    2.9334146488E-01    2.8078120986E-01    2.6826387653E-01    2.5581644791E-01
    2.4346800390E-01    2.3124949915E-01    2.1919453788E-01    2.0733935770E-01    1.9572365524E-01
    1.9001904548E-01
fc
    9.2893771928E-01    8.9211459015E-01    8.6402579773E-01    8.4058120402E-01    8.2011036326E-01
    8.0174754698E-01    7.8497744221E-01    7.6946544980E-01    7.5498006527E-01    7.4135288295E-01
    7.2845782201E-01    7.1619654914E-01    7.0449156284E-01    6.9327982782E-01    6.8250965528E-01
    6.7213776900E-01    6.6212775167E-01    6.5244826479E-01    6.4307253712E-01    6.3397708995E-01
    6.2514139861E-01    6.1654737703E-01    6.0817891223E-01    6.0002169406E-01    5.9206280265E-01
    5.8429059823E-01    5.7669457929E-01    5.6926475666E-01    5.6199085081E-01    5.5486403910E-01
    5.4787465198E-01    5.4101426867E-01    5.3427482404E-01    5.2764784470E-01    5.2112695321E-01
    5.1470417283E-01    5.0837360444E-01    5.0212873786E-01    4.9596353710E-01    4.8987272655E-01
    4.8385066049E-01    4.7789238573E-01    4.7199309442E-01    4.6614816586E-01    4.6035292107E-01
    4.5460337541E-01    4.4889599968E-01    4.4322659548E-01    4.3759213310E-01    4.3198655432E-01
    4.2640552674E-01    4.2084399231E-01    4.1529745249E-01    4.0976407920E-01    4.0424131732E-01
    3.9872835757E-01    3.9322234712E-01    3.8772060582E-01    3.8221977665E-01    3.7671682279E-01
    3.7120849615E-01    3.6569174627E-01    3.6016358717E-01    3.5462097050E-01    3.4906079383E-01
    3.4347992152E-01    3.3787517396E-01    3.3224330111E-01    3.2658095255E-01    3.2088462587E-01
    3.1515059168E-01    3.0937477073E-01    3.0355254346E-01    2.9767874676E-01    2.9174733778E-01
    2.8575070154E-01    2.7967954999E-01    2.7352175218E-01    2.6726149940E-01    2.6087774849E-01
    2.5763109437E-01
fm1
    6.1572672272E-07    5.5410843730E-06    1.5390015684E-05    3.0158563588E-05    4.9840943273E-05
    7.4429811767E-05    1.0391497242E-04    1.3828570978E-04    1.7752791803E-04    2.2162672364E-04
    2.7056467866E-04    3.2432273528E-04    3.8287952818E-04    4.4621244762E-04    5.1429575383E-04
    5.8710316881E-04    6.6460530916E-04    7.4677176150E-04    8.3357057006E-04    9.2496606572E-04
    1.0209207367E-03    1.1213948767E-03    1.2263532563E-03    1.3357597129E-03    1.4495603960E-03
    1.5676364019E-03    1.6897349302E-03    1.8154118369E-03    1.9441525723E-03    2.0754331382E-03
    2.2087461061E-03    2.3435833445E-03    2.4793914732E-03    2.6156348799E-03    2.7517574775E-03
    2.8872076662E-03    3.0214285700E-03    3.1538616327E-03    3.2839530712E-03    3.4111506664E-03
    3.5349099302E-03    3.6546940801E-03    3.7699776320E-03    3.8802330621E-03    3.9849865238E-03
    4.0837589115E-03    4.1757341106E-03    4.2596642438E-03    4.3346095558E-03    4.4004423712E-03
    4.4576899080E-03    4.5070803026E-03    4.5491697883E-03    4.5839330451E-03    4.6107187842E-03
    4.6285706486E-03    4.6368098146E-03    4.6352581261E-03    4.6238899391E-03    4.6026552764E-03
    4.5715663325E-03    4.5306902425E-03    4.4801379431E-03    4.4200745917E-03    4.3507191816E-03
    4.2723460507E-03    4.1852860523E-03    4.0899280875E-03    3.9867200067E-03    3.8761697455E-03
    3.7588464490E-03    3.6353816616E-03    3.5064706817E-03    3.3728712418E-03    3.2354064961E-03
    3.0949710742E-03    2.9525255816E-03    2.8091112080E-03    2.6658471857E-03    2.5239446874E-03
    2.4539122943E-03
fm2
    3.2331510375E-13    2.6714844740E-11    2.0726689049E-10    7.9499988712E-10    2.1760411845E-09
    4.8528353337E-09    9.4653277670E-09    1.6775356855E-08    2.7656119921E-08    4.3145978421E-08
    6.4338070026E-08    9.2532096799E-08    1.2907176444E-07    1.7547334238E-07    2.3335082572E-07
    3.0443347719E-07    3.9056986066E-07    4.9374244360E-07    6.1600169548E-07    7.5954788537E-07
    9.2667972988E-07    1.1197802203E-06    1.3413806468E-06    1.5940720561E-06    1.8805668225E-06
    2.2036079624E-06    2.5647478997E-06    2.9661434262E-06    3.4081831507E-06    3.8915734855E-06
    4.4163714577E-06    4.9825806867E-06    5.5890492570E-06    6.2354494687E-06    6.9187862942E-06
    7.6381346787E-06    8.3896773423E-06    9.1702631894E-06    9.9762763948E-06    1.0802172882E-05
    1.1643475209E-05    1.2493896758E-05    1.3346723829E-05    1.4194812359E-05    1.5031021590E-05
    1.5845891817E-05    1.6627406109E-05    1.7356584016E-05    1.8015793623E-05    1.8597112543E-05
    1.9099175715E-05    1.9523878871E-05    1.9873927851E-05    2.0140470976E-05    2.0309138801E-05
    2.0356191069E-05    2.0264054782E-05    2.0019926954E-05    1.9614379839E-05    1.9037525329E-05
    1.8281366116E-05    1.7338847324E-05    1.6204379438E-05    1.4874552148E-05    1.3348587120E-05
    1.1628652083E-05    9.7203106198E-06    7.6330636688E-06    5.3809183714E-06    2.9830162265E-06
    4.6428851798E-07   -2.1438594392E-06   -4.8029833353E-06   -7.4676137130E-06   -1.0084785569E-05
   -1.2593835277E-05   -1.4928381689E-05   -1.7017262410E-05   -1.8788654240E-05   -2.0175273327E-05
   -2.0706567093E-05
fm3
   -2.8295835921E-17    1.3392697724E-16    2.5246655333E-15    1.4265753715E-14    6.8260106966E-14
    2.0965475806E-13    5.9748612403E-13    1.3608512187E-12    2.9081902900E-12    5.6469112774E-12
    1.0194109434E-11    1.7773046563E-11    2.8940034680E-11    4.6263529919E-11    7.0579500242E-11
    1.0544393101E-10    1.5329763613E-10    2.1776241937E-10    3.0406783424E-10    4.1612400663E-10
    5.6158573150E-10    7.4646022135E-10    9.7950093056E-10    1.2698614881E-09    1.6302074437E-09
    2.0640466525E-09    2.6168345907E-09    3.2562822747E-09    4.0672989609E-09    5.0434910850E-09
    6.1937031511E-09    7.6067369048E-09    9.2361131521E-09    1.1182827394E-08    1.3431325051E-08
    1.6033344848E-08    1.9021618134E-08    2.2413090714E-08    2.6247569318E-08    3.0539059888E-08
    3.5319892147E-08    4.0595912358E-08    4.6386483756E-08    5.2683252188E-08    5.9536301385E-08
    6.6845560982E-08    7.4668897091E-08    8.2965747873E-08    9.1614984612E-08    1.0063917187E-07
    1.1004190876E-07    1.1953193308E-07    1.2935052737E-07    1.3925176102E-07    1.4923516012E-07
    1.5914110750E-07    1.6883631444E-07    1.7824028577E-07    1.8719469968E-07    1.9558459191E-07
    2.0332482486E-07    2.1033108837E-07    2.1651184872E-07    2.2179254620E-07    2.2613576548E-07
    2.2953562166E-07    2.3202153447E-07    2.3365959142E-07    2.3455285495E-07    2.3483675503E-07
    2.3467180591E-07    2.3423663026E-07    2.3370631411E-07    2.3317637762E-07    2.3265430459E-07
    2.3208390173E-07    2.3115207345E-07    2.2941967398E-07    2.2615269452E-07    2.2073207477E-07
    2.1701038598E-07
fm4
   -3.7379073463E-17   -3.9226329335E-17   -3.4816608855E-17   -3.3945416084E-17   -2.5324015289E-17
   -5.4776909261E-17    4.9170842046E-17   -8.2358117364E-19    6.3216019853E-16    4.9804607532E-16
    2.0654549894E-15    2.9508751134E-15    5.4620663394E-15    1.2713908971E-14    1.5384522146E-14
    3.6547922624E-14    4.5650614489E-14    8.5758919492E-14    1.2739096144E-13    1.8608780816E-13
    2.9123687880E-13    4.1530271864E-13    5.9937462072E-13    8.4383244001E-13    1.1223284190E-12
    1.7020130927E-12    2.1237618007E-12    2.9927047444E-12    4.1610232520E-12    5.5160568999E-12
    7.6611595941E-12    1.0354029214E-11    1.3423568097E-11    1.8567290452E-11    2.3316154478E-11
    3.1254886414E-11    3.9716227115E-11    5.0362145664E-11    6.4187756156E-11    7.9210622166E-11
    9.8354778581E-11    1.2029197956E-10    1.4546398052E-10    1.7491367110E-10    2.0935995553E-10
    2.4467345833E-10    2.8885271615E-10    3.3533553432E-10    3.8583312866E-10    4.4251120765E-10
    5.0203821515E-10    5.6143302343E-10    6.2662161512E-10    6.8802867079E-10    7.5334586521E-10
    8.1231321901E-10    8.7230556799E-10    9.2493726401E-10    9.6912432981E-10    1.0022291202E-09
    1.0238041289E-09    1.0305859853E-09    1.0183289161E-09    9.8344737595E-10    9.2369117139E-10
    8.3722404667E-10    7.2258277400E-10    5.7887124475E-10    4.0615425152E-10    2.0585163777E-10
   -1.8796006537E-11   -2.6185120888E-10   -5.1442283991E-10   -7.6676705551E-10   -1.0061020642E-09
   -1.2141240196E-09   -1.3716637698E-09   -1.4548654258E-09   -1.4400500544E-09   -1.3046849179E-09
   -1.1864759632E-09
fm5
   -8.7103172205E-17   -8.6599884284E-17   -8.7475346670E-17   -9.3080920644E-17   -8.6493951748E-17
   -8.0558172876E-17   -8.3191165897E-17   -6.5604473918E-17   -8.5154275209E-17   -6.0225382376E-17
   -1.3082082360E-16   -4.4659023308E-17   -1.3251327633E-16   -5.1945028325E-17   -1.1014226376E-16
   -1.3901100893E-16   -8.9675051649E-17   -1.4856080424E-16   -1.6807251375E-16   -5.5355446819E-17
   -3.5547816106E-16   -1.8908984854E-16    3.1720256654E-17   -8.9114443250E-16    3.5574314096E-15
   -2.6171205539E-15    2.1086938848E-14   -6.0779639017E-15   -3.3030430511E-16    1.3967602332E-14
   -7.7313725399E-15    1.7201243633E-14    4.4964366302E-15    1.5255459828E-14    1.8012951388E-14
    3.2946730053E-14    3.3113318023E-14    7.2393258084E-14    8.3084239848E-14    1.1178760377E-13
    1.7424169427E-13    2.0758281365E-13    2.8776679946E-13    3.1564427474E-13    5.6095589055E-13
    5.8392376358E-13    7.0547816648E-13    1.0465571223E-12    1.0113113856E-12    1.2398872226E-12
    1.9631647875E-12    1.7591406305E-12    2.3019795756E-12    2.5303697646E-12    2.9040019089E-12
    3.2986579188E-12    3.6220093945E-12    4.1053405647E-12    4.4862767466E-12    4.7304802237E-12
    4.9618489865E-12    5.2394399446E-12    5.5052127029E-12    5.7014136189E-12    5.8267878639E-12
    5.8817396656E-12    5.8811122456E-12    5.8561505418E-12    5.8445349172E-12    5.8727753996E-12
    5.9599086224E-12    6.1622950868E-12    6.6075659780E-12    7.2328459673E-12    7.8113008040E-12
    8.5161837109E-12    9.1728120027E-12    9.1207711194E-12    8.8351789348E-12    8.1138099771E-12
    7.8215115102E-12
fm6
   -1.6976554231E-16   -1.5825422804E-16   -1.4540392207E-16   -1.2895620229E-16   -1.1208220706E-16
   -8.6385912454E-17   -6.6294832080E-17   -4.9291601665E-17   -3.8822826115E-17    6.9516411391E-18
    5.8012465512E-17    8.9186237291E-17    2.2163213931E-16    1.0017591631E-16    3.1029498150E-16
    1.3587291442E-16    3.7970694727E-16    3.5978525053E-16    2.5361711006E-16    7.9815300998E-16
    2.4814807923E-16    6.7942299398E-16    6.8941580283E-16    5.1244373418E-16    5.2550329210E-15
    6.5681152015E-15    4.1125390426E-14    1.0603524007E-14    1.4938875540E-14   -3.9089630974E-16
    2.3318025060E-15    5.8949442910E-15   -5.0747814267E-16    9.5030777183E-15   -1.9882785068E-16
    4.1177192565E-15    3.1491310364E-15    1.9208743553E-15    5.1503626610E-15    4.0167416881E-15
    4.3009928698E-15    5.8483677161E-15    7.3129874170E-15    4.9430151127E-15    7.5443926092E-15
    2.5936676717E-14   -4.0545991108E-15    3.1941913293E-14   -3.0694772260E-15    5.0968626791E-14
    1.9399238292E-14    4.3526659883E-15    4.0782401004E-14    1.1267842665E-14    4.9304628512E-14
    2.0504906935E-14    5.3484307970E-14    5.3084964799E-14    4.7601161537E-14    3.4133350163E-14
    4.0664863591E-14    5.8634766910E-14    7.3331353464E-14    7.6228920778E-14    7.0197006790E-14
    6.1668272379E-14    5.4241235531E-14    4.8379227019E-14    4.2492139750E-14    3.4653876966E-14
    2.2054239215E-14    5.9246518303E-15   -4.2346510541E-15   -9.9459553340E-15   -2.7515507093E-14
   -4.5961032364E-14   -5.9009778020E-14   -6.7829844643E-14   -7.5464265655E-14   -7.7790498993E-14
   -7.4796724283E-14
